%YAML:1.0
---
model_type: PINHOLE
camera_name: camera
image_width: 640
image_height: 480
distortion_parameters:
   k1: 0.0
   k2: 0.0
   p1: 0.0
   p2: 0.0
projection_parameters:
   fx: 385.5836486816406
   fy: 385.5836486816406
   cx: 321.0200500488281
   cy: 238.36900329589844
